130  133  185.981
136  133  190.224
133  132  190.224
136  132  190.224
130  136  190.224
131  160  206.787
130  160  206.787
136  131  206.787
130  130  206.787
128  160  206.787
138  131  206.787
131  157  206.787
136  135  206.787
132  136  206.787
127  133  206.787
130  127  206.787
131  162  208.339
128  158  208.339
135  160  209.344
131  163  209.344
133  161  209.344
124  133  209.344
132  160  209.344
137  160  210.64
136  161  210.753
135  136  210.753
128  163  210.753
130  134  210.753
139  160  211.946
136  138  211.946
131  154  211.946
139  131  211.946
127  134  211.946
135  163  211.946
136  129  211.946
132  127  211.946
126  133  211.946
132  125  211.946
129  125  211.946
136  161  211.946
129  127  211.946
133  135  211.946
135  165  213.19
140  131  213.19
142  131  213.19
130  163  213.19
132  134  213.19
135  167  214.742
139  131  214.742
131  165  214.742
127  163  214.742
132  136  214.742
123  133  214.742
125  160  214.742
129  163  214.742
127  127  214.742
131  165  214.742
136  126  214.742
132  136  214.742
135  168  215.52
124  135  215.52
128  156  215.52
136  141  215.52
120  133  215.52
120  133  215.52
132  123  215.52
127  135  215.52
131  123  215.52
139  163  215.52
128  156  215.52
131  156  215.52
133  158  215.52
129  164  215.52
120  136  215.52
136  124  215.52
127  163  215.52
142  129  215.52
139  124  215.52
139  126  215.52
129  166  215.52
129  166  215.52
139  165  215.745
133  168  215.745
140  160  215.745
128  165  215.745
128  166  215.745
120  134  215.745
139  157  215.745
144  131  215.745
126  164  215.745
131  121  215.745
136  136  215.745
140  126  215.745
120  131  215.745
133  169  215.745
119  131  215.745
123  160  215.745
133  155  215.745
136  139  215.745
120  128  215.745
118  136  215.745
117  131  215.745
118  131  215.745
130  155  215.745
147  131  215.745
141  129  215.745
118  128  215.745
128  153  215.745
123  162  215.745
116  136  215.745
115  131  215.745
142  163  216.178
140  162  216.178
119  136  216.178
123  160  216.178
144  129  216.178
120  160  216.178
135  170  217.083
135  172  218.653
131  169  218.653
119  139  218.653
147  130  218.653
142  134  218.653
143  162  218.653
147  128  218.653
134  123  218.653
123  164  218.653
147  127  218.653
137  172  219.893
137  172  219.893
118  133  219.893
132  170  219.893
120  160  219.893
119  128  219.893
150  130  219.893
150  128  219.893
133  154  219.893
147  125  219.893
141  131  219.893
118  125  219.893
153  128  219.893
129  127  219.893
153  127  219.893
119  125  219.893
134  121  219.893
131  119  219.893
135  173  219.893
128  119  219.893
123  128  219.893
156  127  219.893
129  119  219.893
127  138  219.893
112  131  219.893
137  175  222.248
112  128  222.248
141  165  222.248
137  172  222.248
139  158  222.248
148  131  222.248
149  131  222.248
156  126  222.248
156  124  222.248
117  134  222.248
156  123  222.248
129  138  222.248
141  168  222.248
127  164  222.248
118  123  222.248
112  126  222.248
131  117  222.248
145  131  222.248
137  174  222.248
118  160  222.248
116  138  222.248
127  166  222.248
143  160  222.248
128  117  222.248
130  169  222.248
158  123  222.248
150  131  222.248
147  134  222.248
151  131  222.248
159  124  222.248
118  139  222.248
153  128  222.248
150  127  222.248
117  136  222.248
131  162  222.248
128  119  222.248
149  133  222.248
111  131  222.248
145  162  222.248
120  163  222.248
139  122  222.248
159  124  222.248
126  119  222.248
109  131  222.248
129  119  222.248
109  133  222.248
118  121  222.248
162  124  222.248
123  167  222.248
151  127  222.248
109  128  222.248
128  114  222.248
162  127  222.248
140  174  223.329
162  121  223.329
129  119  223.329
154  123  223.329
123  170  223.329
120  162  223.329
125  117  223.329
118  159  223.329
132  172  223.329
109  132  223.329
162  125  223.329
131  114  223.329
156  125  223.329
162  125  223.329
136  138  223.329
116  160  223.329
134  117  223.329
115  160  223.329
153  125  223.329
164  121  223.329
135  174  223.329
144  168  223.329
159  123  223.329
116  121  223.329
118  156  223.329
133  117  223.329
156  121  223.329
128  156  223.329
116  163  223.329
123  169  223.329
123  173  223.329
135  175  223.329
142  168  223.329
125  114  223.329
113  136  223.329
117  121  223.329
154  120  223.329
167  121  223.329
124  117  223.329
118  120  223.329
167  123  223.329
156  119  223.329
112  124  223.329
169  121  223.329
135  176  223.329
171  121  223.329
131  113  223.329
171  118  223.329
134  172  223.329
167  124  223.329
145  163  223.329
132  175  223.329
122  117  223.329
107  132  223.329
127  114  223.329
109  124  223.329
118  118  223.329
171  120  223.329
151  134  223.329
171  124  223.329
125  173  223.329
146  163  223.329
120  165  223.329
118  165  223.329
108  124  223.329
139  119  223.329
171  123  223.329
114  136  223.329
149  163  223.329
106  124  223.329
113  160  223.329
141  171  223.329
133  171  223.329
130  113  223.329
171  123  223.329
114  139  223.329
130  110  223.329
129  175  223.329
135  176  223.329
137  178  224.617
147  163  224.617
171  121  224.617
137  178  224.617
116  124  224.617
133  110  224.617
171  117  224.617
144  168  224.617
115  165  224.617
171  115  224.617
171  112  224.617
137  176  224.617
108  121  224.617
174  120  224.617
156  117  224.617
150  163  224.617
171  126  224.617
136  178  224.617
172  121  224.617
175  121  224.617
148  162  224.617
134  176  224.617
117  156  224.617
153  120  224.617
132  110  224.617
112  124  224.617
113  160  224.617
124  115  224.617
123  172  224.617
108  123  224.617
142  119  224.617
110  132  224.617
118  116  224.617
130  114  224.617
133  108  224.617
108  120  224.617
173  126  224.617
133  175  224.617
106  133  224.617
126  173  224.617
121  117  224.617
168  117  224.617
103  124  224.617
103  133  224.617
105  121  224.617
140  178  226.46
156  116  226.46
171  112  226.46
113  161  226.46
132  108  226.46
117  153  226.46
168  116  226.46
102  121  226.46
130  110  226.46
142  117  226.46
158  116  226.46
146  166  226.46
173  128  226.46
119  163  226.46
127  173  226.46
100  124  226.46
142  116  226.46
176  128  226.46
162  129  226.46
176  126  226.46
106  124  226.46
176  129  226.46
118  167  226.46
131  108  226.46
108  117  226.46
158  113  226.46
171  112  226.46
170  112  226.46
118  168  226.46
115  167  226.46
100  125  226.46
103  121  226.46
139  178  226.46
161  116  226.46
176  132  226.46
97  124  226.46
142  121  226.46
109  136  226.46
101  133  226.46
178  129  226.46
178  128  226.46
99  121  226.46
136  110  226.46
150  124  226.46
140  180  228.035
172  123  228.035
151  131  228.035
178  132  228.035
178  134  228.035
131  110  228.035
150  166  228.035
180  128  228.035
129  172  228.035
140  181  228.825
141  169  228.825
143  181  230.673
121  173  230.673
150  160  230.673
133  105  230.673
136  109  230.673
178  137  230.673
108  116  230.673
101  134  230.673
113  126  230.673
133  106  230.673
172  112  230.673
181  132  230.673
102  119  230.673
138  109  230.673
101  135  230.673
98  134  230.673
115  139  230.673
135  179  230.673
153  163  230.673
101  137  230.673
116  167  230.673
127  110  230.673
174  112  230.673
99  118  230.673
145  181  231.918
180  125  231.918
94  124  231.918
129  176  231.918
134  177  231.918
98  135  231.918
97  121  231.918
174  114  231.918
153  163  231.918
168  112  231.918
115  157  231.918
146  181  232.545
144  181  232.545
148  165  232.545
112  161  232.545
136  181  232.545
121  172  232.545
113  162  232.545
144  181  232.545
173  117  232.545
98  138  232.545
115  170  232.545
145  180  232.545
101  121  232.545
176  117  232.545
113  162  232.545
133  102  232.545
153  160  232.545
94  127  232.545
123  175  232.545
136  102  232.545
113  167  232.545
178  134  232.545
153  161  232.545
176  112  232.545
95  134  232.545
136  184  232.545
145  184  234.267
116  170  234.267
146  169  234.267
148  184  236.136
180  122  236.136
178  140  236.136
134  109  236.136
127  107  236.136
155  160  236.136
92  134  236.136
108  114  236.136
175  117  236.136
153  162  236.136
93  127  236.136
89  134  236.136
137  184  236.136
172  113  236.136
91  127  236.136
133  181  236.136
112  158  236.136
91  124  236.136
150  184  237.394
105  116  237.394
173  112  237.394
92  137  237.394
142  116  237.394
109  158  237.394
92  139  237.394
98  139  237.394
86  134  237.394
133  99  237.394
184  132  237.394
111  158  237.394
153  158  237.394
105  114  237.394
118  173  237.394
156  162  237.394
175  132  237.394
179  112  237.394
176  113  237.394
179  112  237.394
171  110  237.394
184  135  237.394
105  117  237.394
132  181  237.394
99  119  237.394
133  100  237.394
169  112  237.394
173  112  237.394
153  164  237.394
103  114  237.394
91  125  237.394
156  113  237.394
180  121  237.394
89  139  237.394
143  184  237.394
147  184  237.394
115  173  237.394
184  138  237.394
133  184  237.394
116  168  237.394
180  112  237.394
136  103  237.394
150  182  237.394
88  127  237.394
153  182  237.767
93  137  237.767
184  141  237.767
114  165  237.767
111  157  237.767
110  114  237.767
172  120  237.767
184  143  237.767
130  99  237.767
182  128  237.767
139  103  237.767
137  183  237.767
90  139  237.767
171  107  237.767
98  141  237.767
98  143  237.767
130  181  237.767
138  102  237.767
153  155  237.767
184  135  237.767
87  134  237.767
170  109  237.767
133  103  237.767
168  107  237.767
90  127  237.767
147  187  237.861
184  129  237.861
183  138  237.861
107  120  237.861
127  106  237.861
87  127  237.861
88  134  237.861
87  134  237.861
86  136  237.861
132  184  237.861
86  138  237.861
112  164  237.861
85  138  237.861
148  185  237.861
83  138  237.861
115  171  237.861
109  155  237.861
104  114  237.861
86  127  237.861
133  97  237.861
83  127  237.861
93  124  237.861
80  138  237.861
130  96  237.861
83  124  237.861
83  124  237.861
127  181  237.861
179  109  237.861
116  173  237.861
112  167  237.861
83  125  237.861
108  157  237.861
135  97  237.861
170  106  237.861
83  140  237.861
102  114  237.861
183  132  237.861
175  140  237.861
171  105  237.861
95  143  237.861
83  128  237.861
90  140  237.861
147  184  237.861
118  142  237.861
186  138  237.861
109  137  237.861
98  141  237.861
184  144  237.861
185  132  237.861
109  139  237.861
179  115  237.861
143  185  237.861
127  183  237.861
83  131  237.861
144  169  237.861
156  155  237.861
83  143  237.861
112  167  237.861
120  118  237.861
148  187  238.481
133  96  238.481
128  96  238.481
153  166  238.481
186  137  238.481
167  109  238.481
138  100  238.481
181  112  238.481
102  112  238.481
91  137  238.481
141  185  238.481
88  124  238.481
108  160  238.481
150  187  239.727
165  107  239.727
112  169  239.727
150  190  242.074
83  121  242.074
83  121  242.074
120  116  242.074
127  186  242.074
184  133  242.074
185  137  242.074
103  111  242.074
86  127  242.074
143  187  242.074
89  142  242.074
78  138  242.074
108  111  242.074
180  113  242.074
83  141  242.074
80  128  242.074
135  98  242.074
162  107  242.074
186  143  242.074
143  190  242.074
127  184  242.074
110  162  242.074
79  128  242.074
129  181  242.074
83  140  242.074
150  193  244.436
135  94  244.436
94  123  244.436
182  112  244.436
135  91  244.436
83  123  244.436
123  178  244.436
83  143  244.436
130  93  244.436
187  143  244.436
172  105  244.436
158  111  244.436
184  130  244.436
105  157  244.436
130  91  244.436
138  94  244.436
88  121  244.436
187  135  244.436
147  186  244.436
127  91  244.436
141  190  244.436
81  123  244.436
141  193  244.436
135  92  244.436
161  111  244.436
141  195  244.436
170  103  244.436
84  123  244.436
189  138  244.436
102  157  244.436
115  176  244.436
83  118  244.436
148  134  244.436
78  123  244.436
83  122  244.436
78  139  244.436
113  114  244.436
135  88  244.436
86  141  244.436
84  120  244.436
100  114  244.436
103  108  244.436
152  182  244.436
130  90  244.436
141  196  244.436
188  132  244.436
148  193  244.436
185  112  244.436
83  115  244.436
155  166  244.436
139  193  244.436
124  184  244.436
79  125  244.436
78  135  244.436
136  94  244.436
144  195  244.436
113  169  244.436
99  115  244.436
188  135  244.436
148  124  244.436
146  193  244.436
76  135  244.436
147  193  244.436
152  185  244.436
172  102  244.436
191  135  244.436
170  101  244.436
86  115  244.436
108  161  244.436
88  115  244.436
80  115  244.436
85  143  244.436
150  196  246.812
172  102  246.812
178  121  246.812
89  145  246.812
135  85  246.812
123  179  246.812
143  119  246.812
141  199  246.812
155  182  246.812
182  144  246.812
84  117  246.812
187  129  246.812
180  110  246.812
80  140  246.812
172  99  246.812
135  84  246.812
112  170  246.812
190  135  246.812
127  185  246.812
97  143  246.812
140  199  246.812
184  126  246.812
80  127  246.812
80  112  246.812
136  94  246.812
183  113  246.812
89  141  246.812
136  193  246.812
139  199  246.812
135  193  246.812
149  196  246.812
77  123  246.812
73  135  246.812
138  88  246.812
76  138  246.812
130  88  246.812
186  146  246.812
149  197  247.002
78  139  247.002
83  112  247.002
190  135  247.002
141  201  247.002
181  109  247.002
72  135  247.002
133  193  247.002
113  172  247.002
150  198  248.403
191  138  248.403
172  97  248.403
184  109  248.403
127  108  248.403
101  157  248.403
136  194  248.403
133  193  248.403
172  100  248.403
80  115  248.403
83  111  248.403
100  113  248.403
130  87  248.403
113  113  248.403
153  165  248.403
134  193  248.403
110  113  248.403
187  135  248.403
83  118  248.403
81  120  248.403
170  98  248.403
130  91  248.403
121  184  248.403
103  105  248.403
135  83  248.403
167  98  248.403
161  109  248.403
72  132  248.403
181  106  248.403
98  142  248.403
178  109  248.403
153  190  248.403
138  193  248.403
72  136  248.403
140  197  248.403
150  201  250.801
141  204  250.801
173  102  250.801
124  186  250.801
183  129  250.801
69  136  250.801
172  96  250.801
123  182  250.801
135  81  250.801
135  81  250.801
140  202  250.801
185  146  250.801
79  125  250.801
120  179  250.801
172  93  250.801
189  146  250.801
169  93  250.801
167  95  250.801
185  113  250.801
118  176  250.801
188  131  250.801
75  139  250.801
132  85  250.801
150  203  252.406
154  164  252.406
136  196  252.406
190  138  252.406
132  84  252.406
69  136  252.406
70  132  252.406
129  85  252.406
188  129  252.406
169  90  252.406
77  115  252.406
85  143  252.406
99  157  252.406
136  184  252.406
69  137  252.406
189  129  252.406
185  148  252.406
88  114  252.406
70  137  252.406
188  112  252.406
97  146  252.406
143  201  252.406
102  159  252.406
66  136  252.406
103  105  252.406
186  149  252.406
130  84  252.406
66  139  252.406
192  138  252.406
138  202  252.406
172  96  252.406
83  112  252.406
75  115  252.406
130  193  252.406
75  112  252.406
110  165  252.406
63  139  252.406
194  138  252.406
186  152  252.406
136  198  252.406
78  132  252.406
171  90  252.406
186  126  252.406
149  197  252.406
197  138  252.406
158  155  252.406
109  170  252.406
185  115  252.406
191  133  252.406
135  80  252.406
190  146  252.406
153  190  252.406
187  113  252.406
149  198  252.406
75  110  252.406
89  148  252.406
75  107  252.406
69  138  252.406
194  140  252.406
75  107  252.406
63  137  252.406
80  109  252.406
109  161  252.406
135  79  252.406
156  164  252.406
135  81  252.406
63  135  252.406
66  142  252.406
185  109  252.406
80  106  252.406
83  146  252.406
130  192  252.406
65  136  252.406
73  115  252.406
174  93  252.406
184  106  252.406
160  155  252.406
74  107  252.406
102  156  252.406
148  201  252.406
65  139  252.406
61  135  252.406
61  138  252.406
58  138  252.406
56  138  252.406
135  77  252.406
138  201  252.406
136  91  252.406
76  123  252.406
143  202  252.406
130  195  252.406
61  141  252.406
87  114  252.406
140  203  252.406
186  155  252.406
74  104  252.406
184  104  252.406
56  141  252.406
56  137  252.406
193  135  252.406
197  138  252.406
61  143  252.406
158  182  252.406
91  114  252.406
61  141  252.406
127  88  252.406
95  146  252.406
102  154  252.406
135  196  252.406
56  144  252.406
53  138  252.406
95  147  252.406
133  77  252.406
131  77  252.406
103  102  252.406
195  135  252.406
171  87  252.406
56  135  252.406
190  149  252.406
139  202  252.406
138  86  252.406
127  103  252.406
54  138  252.406
140  205  252.406
101  108  252.406
144  201  252.406
69  140  252.406
129  195  252.406
104  102  252.406
137  202  252.406
192  138  252.406
73  107  252.406
181  103  252.406
105  102  252.406
58  138  252.406
72  115  252.406
150  169  252.406
92  142  252.406
74  106  252.406
125  96  252.406
186  152  252.406
185  104  252.406
72  104  252.406
83  109  252.406
129  85  252.406
135  202  252.406
195  135  252.406
173  100  252.406
73  112  252.406
138  84  252.406
72  101  252.406
54  137  252.406
158  179  252.406
178  117  252.406
130  77  252.406
190  149  252.406
182  121  252.406
190  152  252.406
158  164  252.406
161  164  252.406
56  143  252.406
75  115  252.406
150  191  252.406
86  142  252.406
99  113  252.406
83  109  252.406
136  198  252.406
56  144  252.406
115  174  252.406
137  197  252.406
99  157  252.406
150  204  253.211
130  98  253.211
72  98  253.211
186  156  253.211
53  137  253.211
158  185  253.211
110  169  253.211
51  138  253.211
102  109  253.211
136  83  253.211
151  201  253.211
61  134  253.211
73  98  253.211
134  198  253.211
79  106  253.211
139  201  253.211
72  100  253.211
195  135  253.211
53  134  253.211
106  157  253.211
127  85  253.211
152  196  253.211
187  106  253.211
137  205  253.211
186  113  253.211
127  82  253.211
69  143  253.211
117  116  253.211
153  203  254.201
53  141  254.201
51  135  254.201
133  202  254.201
105  102  254.201
51  137  254.201
73  96  254.201
187  109  254.201
135  76  254.201
181  100  254.201
51  141  254.201
158  183  254.201
139  205  254.201
76  96  254.201
50  134  254.201
133  74  254.201
49  141  254.201
104  104  254.201
158  186  254.201
169  88  254.201
168  95  254.201
168  93  254.201
137  207  254.201
50  131  254.201
82  106  254.201
109  170  254.201
51  132  254.201
167  96  254.201
197  141  254.201
70  98  254.201
49  132  254.201
175  93  254.201
79  96  254.201
110  164  254.201
196  138  254.201
153  200  254.201
171  85  254.201
197  140  254.201
70  95  254.201
122  184  254.201
140  86  254.201
56  145  254.201
119  184  254.201
46  141  254.201
168  92  254.201
150  205  254.201
154  201  254.201
120  184  254.201
129  87  254.201
54  132  254.201
133  74  254.201
137  209  254.201
188  110  254.201
178  93  254.201
95  147  254.201
80  96  254.201
46  139  254.201
131  74  254.201
200  141  254.201
131  71  254.201
119  181  254.201
49  131  254.201
46  138  254.201
99  160  254.201
194  137  254.201
153  206  256.603
161  179  256.603
70  99  256.603
137  81  256.603
137  78  256.603
54  129  256.603
195  138  256.603
158  161  256.603
152  196  256.603
155  200  256.603
113  171  256.603
200  142  256.603
47  141  256.603
50  141  256.603
171  82  256.603
46  141  256.603
200  139  256.603
48  137  256.603
198  138  256.603
152  203  256.603
47  139  256.603
72  103  256.603
73  110  256.603
120  182  256.603
153  192  256.603
97  157  256.603
83  110  256.603
155  196  256.603
99  159  256.603
47  143  256.603
102  158  256.603
140  81  256.603
50  129  256.603
137  82  256.603
44  139  256.603
51  129  256.603
126  88  256.603
161  178  256.603
138  89  256.603
101  102  256.603
66  145  256.603
202  142  256.603
131  68  256.603
183  126  256.603
168  82  256.603
135  205  256.603
49  129  256.603
69  98  256.603
190  154  256.603
82  96  256.603
69  95  256.603
47  129  256.603
129  74  256.603
141  205  256.603
47  144  256.603
80  106  256.603
129  77  256.603
70  110  256.603
42  139  256.603
150  206  256.603
131  195  256.603
73  109  256.603
187  107  256.603
150  202  256.603
50  126  256.603
141  81  256.603
139  206  256.603
137  209  256.603
133  205  256.603
46  142  256.603
139  208  256.603
47  131  256.603
156  200  256.603
182  100  256.603
110  172  256.603
205  142  256.603
83  96  256.603
153  207  257.406
81  96  257.406
137  211  257.406
140  79  257.406
49  143  257.406
200  140  257.406
101  100  257.406
135  102  257.406
136  74  257.406
71  110  257.406
40  139  257.406
188  104  257.406
138  77  257.406
66  146  257.406
141  84  257.406
44  142  257.406
190  157  257.406
49  126  257.406
49  126  257.406
155  199  257.406
172  82  257.406
185  102  257.406
45  144  257.406
85  146  257.406
83  94  257.406
136  71  257.406
171  79  257.406
47  132  257.406
138  112  257.406
67  98  257.406
168  81  257.406
46  140  257.406
137  214  257.406
136  211  257.406
127  195  257.406
172  92  257.406
131  65  257.406
168  82  257.406
129  65  257.406
67  99  257.406
151  205  257.406
69  96  257.406
171  77  257.406
83  93  257.406
50  123  257.406
208  142  257.406
66  149  257.406
96  157  257.406
187  102  257.406
46  144  257.406
200  137  257.406
129  68  257.406
203  142  257.406
46  147  257.406
154  201  257.406
157  186  257.406
42  139  257.406
208  145  257.406
112  174  257.406
81  93  257.406
45  146  257.406
49  147  257.406
160  185  257.406
128  71  257.406
192  157  257.406
76  94  257.406
153  195  257.406
96  159  257.406
137  214  257.406
47  128  257.406
148  206  257.406
185  100  257.406
189  113  257.406
175  97  257.406
167  92  257.406
131  65  257.406
171  80  257.406
94  159  257.406
129  63  257.406
42  142  257.406
85  94  257.406
207  142  257.406
66  152  257.406
129  61  257.406
129  58  257.406
107  172  257.406
171  76  257.406
190  160  257.406
83  90  257.406
191  112  257.406
69  93  257.406
41  142  257.406
132  65  257.406
190  155  257.406
184  121  257.406
73  93  257.406
129  56  257.406
67  95  257.406
81  93  257.406
172  96  257.406
171  73  257.406
191  113  257.406
37  139  257.406
155  203  257.406
133  205  257.406
85  90  257.406
67  92  257.406
171  72  257.406
40  139  257.406
186  158  257.406
178  91  257.406
148  208  257.406
67  100  257.406
133  102  257.406
73  91  257.406
208  140  257.406
125  82  257.406
90  148  257.406
79  93  257.406
73  89  257.406
42  145  257.406
66  155  257.406
99  163  257.406
50  120  257.406
97  160  257.406
128  69  257.406
46  137  257.406
83  90  257.406
174  77  257.406
150  208  257.406
140  211  257.406
44  145  257.406
85  88  257.406
173  87  257.406
126  86  257.406
149  208  257.406
49  150  257.406
156  201  257.406
188  100  257.406
83  98  257.406
170  76  257.406
50  125  257.406
52  150  257.406
171  69  257.406
67  90  257.406
158  189  257.406
149  211  258.306
137  209  258.306
168  72  258.306
146  211  258.306
189  126  258.306
67  155  258.306
71  143  258.306
149  214  260.762
80  146  260.762
149  216  262.406
147  216  262.406
72  110  262.406
188  157  262.406
194  112  262.406
194  114  262.406
128  56  262.406
171  67  262.406
178  88  262.406
165  82  262.406
65  90  262.406
103  99  262.406
50  128  262.406
131  61  262.406
109  173  262.406
66  93  262.406
43  144  262.406
169  76  262.406
75  89  262.406
67  110  262.406
173  76  262.406
85  85  262.406
174  74  262.406
37  140  262.406
137  213  262.406
88  88  262.406
75  86  262.406
47  146  262.406
62  90  262.406
190  100  262.406
96  160  262.406
51  150  262.406
144  81  262.406
178  87  262.406
137  217  262.406
130  56  262.406
137  217  262.406
151  214  262.406
48  150  262.406
123  82  262.406
35  139  262.406
141  77  262.406
67  103  262.406
169  67  262.406
48  152  262.406
127  65  262.406
168  75  262.406
75  88  262.406
137  217  262.406
101  97  262.406
157  201  262.406
174  72  262.406
50  128  262.406
209  142  262.406
168  83  262.406
190  97  262.406
47  149  262.406
67  88  262.406
67  85  262.406
149  218  264.055
105  172  264.055
189  158  264.055
133  56  264.055
35  136  264.055
35  142  264.055
50  122  264.055
190  158  264.055
35  145  264.055
73  86  264.055
169  68  264.055
203  137  264.055
134  217  264.055
62  87  264.055
171  73  264.055
60  87  264.055
153  209  264.055
40  144  264.055
132  184  264.055
209  139  264.055
194  115  264.055
39  145  264.055
190  162  264.055
132  217  264.055
173  80  264.055
85  83  264.055
60  84  264.055
161  167  264.055
35  137  264.055
63  84  264.055
193  149  264.055
35  134  264.055
107  173  264.055
208  141  264.055
59  145  264.055
33  134  264.055
132  220  264.055
69  144  264.055
48  154  264.055
54  150  264.055
48  153  264.055
166  67  264.055
132  66  264.055
147  218  264.055
211  139  264.055
59  84  264.055
33  132  264.055
113  174  264.055
190  95  264.055
48  131  264.055
30  132  264.055
33  130  264.055
139  100  264.055
33  145  264.055
178  84  264.055
126  74  264.055
133  220  264.055
46  150  264.055
50  118  264.055
95  157  264.055
41  145  264.055
137  219  264.055
60  90  264.055
190  159  264.055
63  87  264.055
59  87  264.055
133  53  264.055
159  201  264.055
135  219  264.055
33  127  264.055
150  211  264.055
181  84  264.055
149  221  266.537
73  85  266.537
181  81  266.537
132  220  266.537
105  173  266.537
109  173  266.537
130  59  266.537
87  83  266.537
133  223  266.537
56  87  266.537
168  76  266.537
174  79  266.537
190  92  266.537
48  155  266.537
32  137  266.537
33  131  266.537
104  97  266.537
188  103  266.537
68  110  266.537
84  83  266.537
208  137  266.537
57  84  266.537
134  205  266.537
190  89  266.537
33  147  266.537
126  65  266.537
136  56  266.537
130  223  266.537
190  152  266.537
60  92  266.537
210  141  266.537
155  203  266.537
203  140  266.537
190  159  266.537
87  80  266.537
127  223  266.537
105  170  266.537
177  72  266.537
48  128  266.537
192  113  266.537
126  56  266.537
109  164  266.537
136  53  266.537
31  134  266.537
161  186  266.537
166  68  266.537
64  98  266.537
176  77  266.537
208  136  266.537
191  103  266.537
102  170  266.537
150  218  266.537
149  221  266.537
41  148  266.537
150  221  267.097
123  56  267.097
54  87  267.097
173  73  267.097
151  211  267.097
194  112  267.097
89  80  267.097
192  136  267.097
36  127  267.097
147  221  267.097
130  225  267.097
36  125  267.097
129  68  267.097
163  67  267.097
171  64  267.097
33  124  267.097
174  64  267.097
153  211  267.097
133  221  267.097
59  92  267.097
208  134  267.097
66  158  267.097
95  157  267.097
32  145  267.097
136  57  267.097
139  53  267.097
126  56  267.097
33  149  267.097
169  64  267.097
140  214  267.097
192  100  267.097
168  64  267.097
63  81  267.097
197  139  267.097
38  148  267.097
126  223  267.097
127  222  267.097
174  64  267.097
69  85  267.097
163  178  267.097
134  53  267.097
33  150  267.097
127  193  267.097
193  89  267.097
61  81  267.097
125  56  267.097
38  150  267.097
44  150  267.097
33  132  267.097
147  223  267.097
64  145  267.097
194  89  267.097
88  86  267.097
119  184  267.097
29  132  267.097
166  66  267.097
59  81  267.097
35  127  267.097
48  157  267.097
208  147  267.097
107  97  267.097
202  139  267.097
26  132  267.097
54  86  267.097
152  221  268.226
30  137  268.226
53  86  268.226
30  145  268.226
66  154  268.226
67  112  268.226
190  91  268.226
63  154  268.226
31  127  268.226
56  81  268.226
123  53  268.226
196  115  268.226
33  139  268.226
149  217  268.226
59  78  268.226
195  89  268.226
134  220  268.226
102  172  268.226
197  142  268.226
33  122  268.226
36  123  268.226
54  88  268.226
127  79  268.226
200  144  268.226
143  79  268.226
52  87  268.226
181  79  268.226
126  72  268.226
95  159  268.226
61  78  268.226
59  81  268.226
210  138  268.226
36  145  268.226
203  135  268.226
32  149  268.226
189  128  268.226
156  211  268.226
194  100  268.226
171  62  268.226
27  145  268.226
160  67  268.226
33  152  268.226
54  89  268.226
30  129  268.226
177  73  268.226
26  129  268.226
52  90  268.226
160  64  268.226
87  148  268.226
33  153  268.226
175  76  268.226
208  147  268.226
194  86  268.226
57  78  268.226
183  158  268.226
135  217  268.226
209  145  268.226
33  120  268.226
174  63  268.226
30  145  268.226
143  76  268.226
152  219  268.226
36  152  268.226
26  133  268.226
34  153  268.226
192  162  268.226
27  137  268.226
50  90  268.226
165  83  268.226
31  124  268.226
50  89  268.226
148  221  268.226
194  86  268.226
34  122  268.226
27  148  268.226
173  62  268.226
36  153  268.226
61  154  268.226
159  211  268.226
24  148  268.226
31  153  268.226
60  95  268.226
122  56  268.226
120  53  268.226
159  203  268.226
120  54  268.226
195  87  268.226
23  133  268.226
152  222  269.05
85  80  269.05
25  132  269.05
60  95  269.05
175  72  269.05
133  218  269.05
82  83  269.05
212  142  269.05
159  205  269.05
123  51  269.05
56  78  269.05
178  73  269.05
56  79  269.05
177  64  269.05
125  69  269.05
133  222  269.05
23  130  269.05
122  58  269.05
212  139  269.05
198  138  269.05
159  212  269.05
66  144  269.05
56  77  269.05
139  53  269.05
195  84  269.05
50  150  269.05
212  142  269.05
51  87  269.05
61  135  269.05
31  149  269.05
173  64  269.05
192  154  269.05
123  55  269.05
55  77  269.05
47  90  269.05
126  220  269.05
134  52  269.05
198  87  269.05
133  204  269.05
116  184  269.05
195  81  269.05
205  143  269.05
38  125  269.05
50  92  269.05
31  151  269.05
193  97  269.05
165  178  269.05
57  75  269.05
132  223  269.05
189  143  269.05
123  48  269.05
53  77  269.05
48  159  269.05
198  81  269.05
160  62  269.05
93  159  269.05
201  87  269.05
160  211  269.05
136  52  269.05
209  147  269.05
127  223  269.05
183  155  269.05
20  130  269.05
66  84  269.05
33  119  269.05
54  78  269.05
38  151  269.05
35  125  269.05
115  184  269.05
130  223  269.05
160  214  269.05
36  152  269.05
27  145  269.05
51  157  269.05
174  61  269.05
51  159  269.05
45  159  269.05
152  225  271.531
29  137  271.531
120  55  271.531
136  51  271.531
147  226  271.531
194  117  271.531
181  76  271.531
199  115  271.531
33  153  271.531
212  138  271.531
198  80  271.531
35  119  271.531
33  122  271.531
44  159  271.531
102  175  271.531
23  132  271.531
177  65  271.531
51  78  271.531
50  87  271.531
62  84  271.531
36  122  271.531
162  214  271.531
30  120  271.531
177  64  271.531
128  56  271.531
113  184  271.531
159  214  271.531
46  90  271.531
119  56  271.531
24  132  271.531
47  118  271.531
125  223  271.531
120  185  271.531
28  151  271.531
171  62  271.531
50  77  271.531
192  153  271.531
179  64  271.531
138  51  271.531
153  208  271.531
31  119  271.531
139  57  271.531
134  50  271.531
28  153  271.531
152  228  274.022
23  127  274.022
23  135  274.022
44  90  274.022
47  118  274.022
47  90  274.022
20  128  274.022
28  124  274.022
28  151  274.022
51  78  274.022
120  48  274.022
131  205  274.022
31  150  274.022
22  127  274.022
113  175  274.022
80  83  274.022
47  88  274.022
30  150  274.022
130  228  274.022
31  156  274.022
195  85  274.022
80  80  274.022
55  80  274.022
41  150  274.022
48  161  274.022
61  146  274.022
119  53  274.022
50  77  274.022
20  125  274.022
51  75  274.022
125  57  274.022
208  131  274.022
22  148  274.022
160  61  274.022
93  160  274.022
63  78  274.022
124  223  274.022
181  74  274.022
160  69  274.022
197  81  274.022
27  120  274.022
197  78  274.022
150  226  274.022
161  203  274.022
129  228  274.022
116  53  274.022
201  80  274.022
54  92  274.022
192  103  274.022
123  50  274.022
80  77  274.022
30  119  274.022
69  155  274.022
208  133  274.022
83  80  274.022
44  88  274.022
123  47  274.022
211  134  274.022
134  47  274.022
215  139  274.022
29  149  274.022
195  97  274.022
35  151  274.022
155  219  274.022
18  128  274.022
36  120  274.022
121  48  274.022
60  78  274.022
128  195  274.022
158  64  274.022
26  120  274.022
26  145  274.022
179  62  274.022
47  86  274.022
30  122  274.022
122  187  274.022
151  221  274.022
51  77  274.022
193  94  274.022
154  228  275.136
24  133  275.136
171  59  275.136
201  78  275.136
50  74  275.136
44  89  275.136
171  60  275.136
119  48  275.136
171  58  275.136
50  77  275.136
44  156  275.136
138  48  275.136
130  230  275.136
173  58  275.136
201  81  275.136
134  49  275.136
125  185  275.136
139  48  275.136
159  208  275.136
126  195  275.136
204  81  275.136
89  82  275.136
24  120  275.136
102  169  275.136
32  145  275.136
194  162  275.136
49  77  275.136
47  161  275.136
55  75  275.136
37  119  275.136
175  61  275.136
33  154  275.136
199  114  275.136
55  74  275.136
196  112  275.136
28  154  275.136
117  56  275.136
26  154  275.136
112  184  275.136
138  45  275.136
50  71  275.136
31  157  275.136
20  124  275.136
138  49  275.136
58  75  275.136
86  80  275.136
22  145  275.136
171  55  275.136
197  75  275.136
136  223  275.136
59  94  275.136
22  146  275.136
137  47  275.136
216  139  275.136
159  202  275.136
181  62  275.136
214  134  275.136
133  228  275.136
151  228  275.136
210  144  275.136
160  210  275.136
133  211  275.136
154  230  276.796
55  72  276.796
157  228  276.827
147  227  276.827
197  77  276.827
124  195  276.827
209  133  276.827
159  228  277.966
193  113  277.966
205  146  277.966
212  143  277.966
24  135  277.966
192  129  277.966
199  113  277.966
203  143  277.966
175  58  277.966
87  79  277.966
50  75  277.966
120  50  277.966
136  59  277.966
134  200  277.966
24  137  277.966
19  124  277.966
121  55  277.966
171  58  277.966
51  72  277.966
168  55  277.966
47  74  277.966
51  70  277.966
52  71  277.966
124  195  277.966
184  158  277.966
67  155  277.966
45  161  277.966
179  60  277.966
51  73  277.966
203  78  277.966
171  53  277.966
67  155  277.966
63  78  277.966
124  226  277.966
55  69  277.966
139  45  277.966
217  139  277.966
45  162  277.966
166  178  277.966
16  124  277.966
198  78  277.966
153  228  277.966
139  48  277.966
101  175  277.966
198  97  277.966
13  124  277.966
193  155  277.966
197  135  277.966
51  67  277.966
162  211  277.966
124  50  277.966
116  48  277.966
101  175  277.966
11  124  277.966
123  48  277.966
24  135  277.966
13  123  277.966
54  67  277.966
25  154  277.966
24  117  277.966
123  65  277.966
123  223  277.966
64  78  277.966
208  150  277.966
183  152  277.966
133  231  277.966
200  145  277.966
55  66  277.966
21  145  277.966
170  60  277.966
51  64  277.966
123  223  277.966
114  53  277.966
26  118  277.966
157  231  279.303
171  54  279.303
206  81  279.303
46  88  279.303
48  77  279.303
19  148  279.303
19  146  279.303
131  207  279.303
217  139  279.303
11  127  279.303
116  45  279.303
124  229  279.303
120  45  279.303
147  225  279.303
116  47  279.303
86  148  279.303
120  42  279.303
47  71  279.303
124  82  279.303
201  78  279.303
181  63  279.303
201  76  279.303
119  42  279.303
19  151  279.303
44  159  279.303
216  134  279.303
199  113  279.303
8  127  279.303
198  75  279.303
22  132  279.303
140  51  279.303
10  127  279.303
31  120  279.303
206  80  279.303
157  233  280.959
17  146  280.959
214  131  280.959
113  48  280.959
44  91  280.959
18  151  280.959
161  202  280.959
8  127  280.959
161  62  280.959
159  226  280.959
113  187  280.959
114  47  280.959
207  131  280.959
208  153  280.959
209  80  280.959
13  122  280.959
48  64  280.959
57  69  280.959
124  69  280.959
12  122  280.959
13  121  280.959
204  76  280.959
179  57  280.959
65  155  280.959
10  124  280.959
31  116  280.959
19  143  280.959
8  130  280.959
164  211  280.959
9  130  280.959
173  55  280.959
8  132  280.959
179  54  280.959
90  160  280.959
213  138  280.959
9  122  280.959
208  156  280.959
52  68  280.959
22  117  280.959
164  208  280.959
211  80  280.959
118  42  280.959
198  100  280.959
13  120  280.959
81  80  280.959
206  76  280.959
141  45  280.959
131  47  280.959
34  157  280.959
102  169  280.959
6  127  280.959
6  128  280.959
208  149  280.959
152  229  280.959
126  228  280.959
197  73  280.959
42  89  280.959
160  233  282.646
118  43  282.646
126  231  282.646
54  65  282.646
179  54  282.646
157  234  282.646
211  153  282.646
175  56  282.646
39  89  282.646
7  132  282.646
171  51  282.646
114  184  282.646
51  66  282.646
6  122  282.646
30  116  282.646
46  64  282.646
104  172  282.646
5  127  282.646
126  217  282.646
118  39  282.646
126  234  282.646
101  178  282.646
211  79  282.646
178  54  282.646
48  64  282.646
28  116  282.646
209  134  282.646
19  149  282.646
51  160  282.646
19  154  282.646
119  39  282.646
46  62  282.646
47  68  282.646
118  40  282.646
16  149  282.646
167  178  282.646
171  48  282.646
28  114  282.646
180  54  282.646
212  79  282.646
141  43  282.646
50  64  282.646
51  161  282.646
44  88  282.646
19  117  282.646
6  120  282.646
113  48  282.646
11  122  282.646
219  139  282.646
206  77  282.646
141  43  282.646
65  78  282.646
136  231  282.646
198  95  282.646
18  129  282.646
19  157  282.646
137  44  282.646
46  59  282.646
47  164  282.646
15  149  282.646
48  63  282.646
5  122  282.646
208  79  282.646
17  117  282.646
208  130  282.646
212  77  282.646
46  60  282.646
215  77  282.646
19  141  282.646
180  73  282.646
126  232  282.646
126  47  282.646
133  232  282.646
141  42  282.646
126  237  282.646
45  164  282.646
216  141  282.646
143  43  282.646
157  227  282.646
139  58  282.646
54  94  282.646
174  48  282.646
6  122  282.646
46  74  282.646
16  117  282.646
16  114  282.646
4  128  282.646
211  83  282.646
5  129  282.646
45  90  282.646
1  128  282.646
5  125  282.646
164  207  282.646
19  117  282.646
13  118  282.646
49  60  282.646
13  117  282.646
113  181  282.646
121  39  282.646
7  134  282.646
212  76  282.646
19  158  282.646
46  58  282.646
16  158  282.646
1  125  282.646
177  61  282.646
44  74  282.646
126  46  282.646
197  72  282.646
46  57  282.646
54  69  282.646
19  158  282.646
126  236  282.646
41  89  282.646
47  60  282.646
13  158  282.646
2  128  282.646
199  73  282.646
123  39  282.646
123  41  282.646
26  151  282.646
1  122  282.646
82  77  282.646
43  62  282.646
215  75  282.646
69  154  282.646
215  76  282.646
175  48  282.646
216  131  282.646
163  179  282.646
47  59  282.646
161  226  282.646
205  79  282.646
164  213  282.646
398  125  417.168
14  117  417.168
195  72  417.168
123  231  417.168
15  152  417.168
163  211  417.168
216  143  417.168
43  59  417.168
5  119  417.168
124  79  417.168
25  157  417.168
86  77  417.168
118  40  417.168
19  160  417.168
156  233  417.168
4  134  417.168
89  146  417.168
3  134  417.168
0  134  417.168
